0.690978
0.756623
0.880133
1.0012
1.11986
1.23618
1.35019
1.46194
1.57147
1.67884
1.78408
1.88724
1.98835
2.08746
2.1846
2.27982
2.37316
2.46464
2.55431
2.64221
2.72836
2.81281
2.89559
2.97672
3.05625
3.1342
3.21061
3.2855
3.35891
3.43087
3.5014
3.57053
3.6383
3.70472
3.76982
3.83364
3.89619
3.9575
4.0176
4.0765
4.13424
4.19084
4.24631
4.30069
4.35399
4.40623
4.45744
4.50763
4.55683
4.60505
4.65232
4.69865
4.74407
4.78858
4.83222
4.87498
4.9169
4.95799
4.99827
5.03775
5.07645
5.11438
5.15155
5.188
5.22372
5.25873
5.29305
5.32668
5.35966
5.39198
5.42365
5.45471
5.48514
5.51497
5.54422
5.57288
5.60097
5.62851
5.6555
5.68196
